Vector Kr : 
214
226
56
101
231
21
245
93
214
118
198
223
245
3
22
130
102
51
89
174
67
135
218
76
156
111
189
113
192
8
241
234
210
47
229
134
167
102
227
55
155
163
254
37
62
151
211
20
155
111
10
95
126
121
172
234
212
123
33
140
30
195
130
8
132
239
143
59
13
160
238
161
128
2
237
249
165
114
170
157
26
136
6
62
126
80
198
64
95
43
230
67
Vector Kc : 
233
173
224
170
135
187
196
74
200
225
222
139
127
250
176
163
220
164
91
68
187
100
186
101
115
59
162
9
234
171
47
94
226
226
23
52
90
228
117
254
93
151
221
121
249
93
139
212
47
248
206
185
42
217
29
181
102
51
17
12
62
45
100
63
144
48
76
134
198
160
95
210
101
212
147
75
45
120
187
100
18
186
130
125
97
101
100
93
153
67
173
60
229
132
163
37
43
95
52
69
39
10
84
12
123
195
167
185
3
222
107
53
ITER_MAX : 
1
